<Scene>
<Organ_Region>
<Region_Name>D:\Mirac3DBuilder\ProjectFolder\VHBMale_ALLProject\1161-1450\1161-1450.xml</Region_Name>
</Organ_Region>
<Organs>
<Organ>
<Name>Adductor magnus</Name>
<Number>1</Number>
<Path>D:\Mirac3DBuilder\VHBFolder\1161-1450\Adductor magnus\Adductor magnus.mcod</Path>
<Matrix>-0.260146 -0.099257 0.960452 0.000000 0.760935 -0.633398 0.140647 0.000000 0.594389 0.767433 0.240304 0.000000 259.143677 286.870880 -310.907013 1.000000 </Matrix>
<Visible>1</Visible>
</Organ>
<Organ>
<Name>Anterior Cruciate Ligament</Name>
<Number>2</Number>
<Path>D:\Mirac3DBuilder\VHBFolder\1161-1450\Anterior Cruciate Ligament\Anterior Cruciate Ligament.mcod</Path>
<Matrix>-0.260146 -0.099257 0.960452 0.000000 0.760935 -0.633398 0.140647 0.000000 0.594389 0.767433 0.240304 0.000000 259.143677 286.870880 -310.907013 1.000000 </Matrix>
<Visible>0</Visible>
</Organ>
<Organ>
<Name>Common Fibular Nerve</Name>
<Number>3</Number>
<Path>D:\Mirac3DBuilder\VHBFolder\1161-1450\Common Fibular Nerve\Common Fibular Nerve.mcod</Path>
<Matrix>-0.260146 -0.099257 0.960452 0.000000 0.760935 -0.633398 0.140647 0.000000 0.594389 0.767433 0.240304 0.000000 259.143677 286.870880 -310.907013 1.000000 </Matrix>
<Visible>0</Visible>
</Organ>
<Organ>
<Name>Extensor digitorum longus</Name>
<Number>4</Number>
<Path>D:\Mirac3DBuilder\VHBFolder\1161-1450\Extensor digitorum longus\Extensor digitorum longus.mcod</Path>
<Matrix>-0.260146 -0.099257 0.960452 0.000000 0.760935 -0.633398 0.140647 0.000000 0.594389 0.767433 0.240304 0.000000 259.143677 286.870880 -310.907013 1.000000 </Matrix>
<Visible>1</Visible>
</Organ>
<Organ>
<Name>Fibularis longus</Name>
<Number>5</Number>
<Path>D:\Mirac3DBuilder\VHBFolder\1161-1450\Fibularis longus\Fibularis longus.mcod</Path>
<Matrix>-0.260146 -0.099257 0.960452 0.000000 0.760935 -0.633398 0.140647 0.000000 0.594389 0.767433 0.240304 0.000000 259.143677 286.870880 -310.907013 1.000000 </Matrix>
<Visible>1</Visible>
</Organ>
<Organ>
<Name>Gastrocnemius</Name>
<Number>6</Number>
<Path>D:\Mirac3DBuilder\VHBFolder\1161-1450\Gastrocnemius\Gastrocnemius.mcod</Path>
<Matrix>-0.260146 -0.099257 0.960452 0.000000 0.760935 -0.633398 0.140647 0.000000 0.594389 0.767433 0.240304 0.000000 259.143677 286.870880 -310.907013 1.000000 </Matrix>
<Visible>1</Visible>
</Organ>
<Organ>
<Name>Gracilis</Name>
<Number>7</Number>
<Path>D:\Mirac3DBuilder\VHBFolder\1161-1450\Gracilis\Gracilis.mcod</Path>
<Matrix>-0.260146 -0.099257 0.960452 0.000000 0.760935 -0.633398 0.140647 0.000000 0.594389 0.767433 0.240304 0.000000 259.143677 286.870880 -310.907013 1.000000 </Matrix>
<Visible>1</Visible>
</Organ>
<Organ>
<Name>Iliotibial tract</Name>
<Number>8</Number>
<Path>D:\Mirac3DBuilder\VHBFolder\1161-1450\Iliotibial tract\Iliotibial tract.mcod</Path>
<Matrix>-0.260146 -0.099257 0.960452 0.000000 0.760935 -0.633398 0.140647 0.000000 0.594389 0.767433 0.240304 0.000000 259.143677 286.870880 -310.907013 1.000000 </Matrix>
<Visible>0</Visible>
</Organ>
<Organ>
<Name>Infra-patellar fat (IPF)</Name>
<Number>9</Number>
<Path>D:\Mirac3DBuilder\VHBFolder\1161-1450\Infra-patellar fat (IPF)\Infra-patellar fat (IPF).mcod</Path>
<Matrix>-0.260146 -0.099257 0.960452 0.000000 0.760935 -0.633398 0.140647 0.000000 0.594389 0.767433 0.240304 0.000000 259.143677 286.870880 -310.907013 1.000000 </Matrix>
<Visible>0</Visible>
</Organ>
<Organ>
<Name>Joint Capsule</Name>
<Number>10</Number>
<Path>D:\Mirac3DBuilder\VHBFolder\1161-1450\Joint Capsule\Joint Capsule.mcod</Path>
<Matrix>-0.260146 -0.099257 0.960452 0.000000 0.760935 -0.633398 0.140647 0.000000 0.594389 0.767433 0.240304 0.000000 259.143677 286.870880 -310.907013 1.000000 </Matrix>
<Visible>0</Visible>
</Organ>
<Organ>
<Name>Lateral Meniscus</Name>
<Number>11</Number>
<Path>D:\Mirac3DBuilder\VHBFolder\1161-1450\Lateral Meniscus\Lateral Meniscus.mcod</Path>
<Matrix>-0.260146 -0.099257 0.960452 0.000000 0.760935 -0.633398 0.140647 0.000000 0.594389 0.767433 0.240304 0.000000 259.143677 286.870880 -310.907013 1.000000 </Matrix>
<Visible>0</Visible>
</Organ>
<Organ>
<Name>Left Femur</Name>
<Number>12</Number>
<Path>D:\Mirac3DBuilder\VHBFolder\1161-1450\Left Femur\Left Femur.mcod</Path>
<Matrix>-0.260146 -0.099257 0.960452 0.000000 0.760935 -0.633398 0.140647 0.000000 0.594389 0.767433 0.240304 0.000000 259.143677 286.870880 -310.907013 1.000000 </Matrix>
<Visible>1</Visible>
</Organ>
<Organ>
<Name>Left biceps femoris</Name>
<Number>13</Number>
<Path>D:\Mirac3DBuilder\VHBFolder\1161-1450\Left biceps femoris\Left biceps femoris.mcod</Path>
<Matrix>-0.260146 -0.099257 0.960452 0.000000 0.760935 -0.633398 0.140647 0.000000 0.594389 0.767433 0.240304 0.000000 259.143677 286.870880 -310.907013 1.000000 </Matrix>
<Visible>1</Visible>
</Organ>
<Organ>
<Name>Left fibula</Name>
<Number>14</Number>
<Path>D:\Mirac3DBuilder\VHBFolder\1161-1450\Left fibula\Left fibula.mcod</Path>
<Matrix>-0.260146 -0.099257 0.960452 0.000000 0.760935 -0.633398 0.140647 0.000000 0.594389 0.767433 0.240304 0.000000 259.143677 286.870880 -310.907013 1.000000 </Matrix>
<Visible>0</Visible>
</Organ>
<Organ>
<Name>Left patella</Name>
<Number>15</Number>
<Path>D:\Mirac3DBuilder\VHBFolder\1161-1450\Left patella\Left patella.mcod</Path>
<Matrix>-0.260146 -0.099257 0.960452 0.000000 0.760935 -0.633398 0.140647 0.000000 0.594389 0.767433 0.240304 0.000000 259.143677 286.870880 -310.907013 1.000000 </Matrix>
<Visible>0</Visible>
</Organ>
<Organ>
<Name>Left popliteal artery</Name>
<Number>16</Number>
<Path>D:\Mirac3DBuilder\VHBFolder\1161-1450\Left popliteal artery\Left popliteal artery.mcod</Path>
<Matrix>-0.260146 -0.099257 0.960452 0.000000 0.760935 -0.633398 0.140647 0.000000 0.594389 0.767433 0.240304 0.000000 259.143677 286.870880 -310.907013 1.000000 </Matrix>
<Visible>0</Visible>
</Organ>
<Organ>
<Name>Left popliteal vein</Name>
<Number>17</Number>
<Path>D:\Mirac3DBuilder\VHBFolder\1161-1450\Left popliteal vein\Left popliteal vein.mcod</Path>
<Matrix>-0.260146 -0.099257 0.960452 0.000000 0.760935 -0.633398 0.140647 0.000000 0.594389 0.767433 0.240304 0.000000 259.143677 286.870880 -310.907013 1.000000 </Matrix>
<Visible>0</Visible>
</Organ>
<Organ>
<Name>Left tibia</Name>
<Number>18</Number>
<Path>D:\Mirac3DBuilder\VHBFolder\1161-1450\Left tibia\Left tibia.mcod</Path>
<Matrix>-0.260146 -0.099257 0.960452 0.000000 0.760935 -0.633398 0.140647 0.000000 0.594389 0.767433 0.240304 0.000000 259.143677 286.870880 -310.907013 1.000000 </Matrix>
<Visible>0</Visible>
</Organ>
<Organ>
<Name>Medial Meniscus</Name>
<Number>19</Number>
<Path>D:\Mirac3DBuilder\VHBFolder\1161-1450\Medial Meniscus\Medial Meniscus.mcod</Path>
<Matrix>-0.260146 -0.099257 0.960452 0.000000 0.760935 -0.633398 0.140647 0.000000 0.594389 0.767433 0.240304 0.000000 259.143677 286.870880 -310.907013 1.000000 </Matrix>
<Visible>0</Visible>
</Organ>
<Organ>
<Name>Muscle fibularis brevis</Name>
<Number>20</Number>
<Path>D:\Mirac3DBuilder\VHBFolder\1161-1450\Muscle fibularis brevis\Muscle fibularis brevis.mcod</Path>
<Matrix>-0.260146 -0.099257 0.960452 0.000000 0.760935 -0.633398 0.140647 0.000000 0.594389 0.767433 0.240304 0.000000 259.143677 286.870880 -310.907013 1.000000 </Matrix>
<Visible>1</Visible>
</Organ>
<Organ>
<Name>Oblique Popliteal Ligament</Name>
<Number>21</Number>
<Path>D:\Mirac3DBuilder\VHBFolder\1161-1450\Oblique Popliteal Ligament\Oblique Popliteal Ligament.mcod</Path>
<Matrix>-0.260146 -0.099257 0.960452 0.000000 0.760935 -0.633398 0.140647 0.000000 0.594389 0.767433 0.240304 0.000000 259.143677 286.870880 -310.907013 1.000000 </Matrix>
<Visible>0</Visible>
</Organ>
<Organ>
<Name>Patellar ligament</Name>
<Number>22</Number>
<Path>D:\Mirac3DBuilder\VHBFolder\1161-1450\Patellar ligament\Patellar ligament.mcod</Path>
<Matrix>-0.260146 -0.099257 0.960452 0.000000 0.760935 -0.633398 0.140647 0.000000 0.594389 0.767433 0.240304 0.000000 259.143677 286.870880 -310.907013 1.000000 </Matrix>
<Visible>0</Visible>
</Organ>
<Organ>
<Name>Plantaris</Name>
<Number>23</Number>
<Path>D:\Mirac3DBuilder\VHBFolder\1161-1450\Plantaris\Plantaris.mcod</Path>
<Matrix>-0.260146 -0.099257 0.960452 0.000000 0.760935 -0.633398 0.140647 0.000000 0.594389 0.767433 0.240304 0.000000 259.143677 286.870880 -310.907013 1.000000 </Matrix>
<Visible>1</Visible>
</Organ>
<Organ>
<Name>Popliteus</Name>
<Number>24</Number>
<Path>D:\Mirac3DBuilder\VHBFolder\1161-1450\Popliteus\Popliteus.mcod</Path>
<Matrix>-0.260146 -0.099257 0.960452 0.000000 0.760935 -0.633398 0.140647 0.000000 0.594389 0.767433 0.240304 0.000000 259.143677 286.870880 -310.907013 1.000000 </Matrix>
<Visible>1</Visible>
</Organ>
<Organ>
<Name>Posterior Cruciate Ligament</Name>
<Number>25</Number>
<Path>D:\Mirac3DBuilder\VHBFolder\1161-1450\Posterior Cruciate Ligament\Posterior Cruciate Ligament.mcod</Path>
<Matrix>-0.260146 -0.099257 0.960452 0.000000 0.760935 -0.633398 0.140647 0.000000 0.594389 0.767433 0.240304 0.000000 259.143677 286.870880 -310.907013 1.000000 </Matrix>
<Visible>0</Visible>
</Organ>
<Organ>
<Name>Rectus femoris</Name>
<Number>26</Number>
<Path>D:\Mirac3DBuilder\VHBFolder\1161-1450\Rectus femoris\Rectus femoris.mcod</Path>
<Matrix>-0.260146 -0.099257 0.960452 0.000000 0.760935 -0.633398 0.140647 0.000000 0.594389 0.767433 0.240304 0.000000 259.143677 286.870880 -310.907013 1.000000 </Matrix>
<Visible>1</Visible>
</Organ>
<Organ>
<Name>Sartorius</Name>
<Number>27</Number>
<Path>D:\Mirac3DBuilder\VHBFolder\1161-1450\Sartorius\Sartorius.mcod</Path>
<Matrix>-0.260146 -0.099257 0.960452 0.000000 0.760935 -0.633398 0.140647 0.000000 0.594389 0.767433 0.240304 0.000000 259.143677 286.870880 -310.907013 1.000000 </Matrix>
<Visible>1</Visible>
</Organ>
<Organ>
<Name>Semimembranosus</Name>
<Number>28</Number>
<Path>D:\Mirac3DBuilder\VHBFolder\1161-1450\Semimembranosus\Semimembranosus.mcod</Path>
<Matrix>-0.260146 -0.099257 0.960452 0.000000 0.760935 -0.633398 0.140647 0.000000 0.594389 0.767433 0.240304 0.000000 259.143677 286.870880 -310.907013 1.000000 </Matrix>
<Visible>1</Visible>
</Organ>
<Organ>
<Name>Semitendinosus</Name>
<Number>29</Number>
<Path>D:\Mirac3DBuilder\VHBFolder\1161-1450\Semitendinosus\Semitendinosus.mcod</Path>
<Matrix>-0.260146 -0.099257 0.960452 0.000000 0.760935 -0.633398 0.140647 0.000000 0.594389 0.767433 0.240304 0.000000 259.143677 286.870880 -310.907013 1.000000 </Matrix>
<Visible>1</Visible>
</Organ>
<Organ>
<Name>Skin</Name>
<Number>30</Number>
<Path>D:\Mirac3DBuilder\VHBFolder\1161-1450\Skin\Skin.mcod</Path>
<Matrix>-0.260146 -0.099257 0.960452 0.000000 0.760935 -0.633398 0.140647 0.000000 0.594389 0.767433 0.240304 0.000000 259.143677 286.870880 -310.907013 1.000000 </Matrix>
<Visible>0</Visible>
</Organ>
<Organ>
<Name>Soleus</Name>
<Number>31</Number>
<Path>D:\Mirac3DBuilder\VHBFolder\1161-1450\Soleus\Soleus.mcod</Path>
<Matrix>-0.260146 -0.099257 0.960452 0.000000 0.760935 -0.633398 0.140647 0.000000 0.594389 0.767433 0.240304 0.000000 259.143677 286.870880 -310.907013 1.000000 </Matrix>
<Visible>1</Visible>
</Organ>
<Organ>
<Name>Synovial space</Name>
<Number>32</Number>
<Path>D:\Mirac3DBuilder\VHBFolder\1161-1450\Synovial space\Synovial space.mcod</Path>
<Matrix>-0.260146 -0.099257 0.960452 0.000000 0.760935 -0.633398 0.140647 0.000000 0.594389 0.767433 0.240304 0.000000 259.143677 286.870880 -310.907013 1.000000 </Matrix>
<Visible>0</Visible>
</Organ>
<Organ>
<Name>Tibial nerve</Name>
<Number>33</Number>
<Path>D:\Mirac3DBuilder\VHBFolder\1161-1450\Tibial nerve\Tibial nerve.mcod</Path>
<Matrix>-0.260146 -0.099257 0.960452 0.000000 0.760935 -0.633398 0.140647 0.000000 0.594389 0.767433 0.240304 0.000000 259.143677 286.870880 -310.907013 1.000000 </Matrix>
<Visible>0</Visible>
</Organ>
<Organ>
<Name>Tibialis anterior</Name>
<Number>34</Number>
<Path>D:\Mirac3DBuilder\VHBFolder\1161-1450\Tibialis anterior\Tibialis anterior.mcod</Path>
<Matrix>-0.260146 -0.099257 0.960452 0.000000 0.760935 -0.633398 0.140647 0.000000 0.594389 0.767433 0.240304 0.000000 259.143677 286.870880 -310.907013 1.000000 </Matrix>
<Visible>1</Visible>
</Organ>
<Organ>
<Name>Tibialis posterior</Name>
<Number>35</Number>
<Path>D:\Mirac3DBuilder\VHBFolder\1161-1450\Tibialis posterior\Tibialis posterior.mcod</Path>
<Matrix>-0.260146 -0.099257 0.960452 0.000000 0.760935 -0.633398 0.140647 0.000000 0.594389 0.767433 0.240304 0.000000 259.143677 286.870880 -310.907013 1.000000 </Matrix>
<Visible>1</Visible>
</Organ>
<Organ>
<Name>Vastus intermedius</Name>
<Number>36</Number>
<Path>D:\Mirac3DBuilder\VHBFolder\1161-1450\Vastus intermedius\Vastus intermedius.mcod</Path>
<Matrix>-0.260146 -0.099257 0.960452 0.000000 0.760935 -0.633398 0.140647 0.000000 0.594389 0.767433 0.240304 0.000000 259.143677 286.870880 -310.907013 1.000000 </Matrix>
<Visible>1</Visible>
</Organ>
<Organ>
<Name>Vastus lateralis</Name>
<Number>37</Number>
<Path>D:\Mirac3DBuilder\VHBFolder\1161-1450\Vastus lateralis\Vastus lateralis.mcod</Path>
<Matrix>-0.260146 -0.099257 0.960452 0.000000 0.760935 -0.633398 0.140647 0.000000 0.594389 0.767433 0.240304 0.000000 259.143677 286.870880 -310.907013 1.000000 </Matrix>
<Visible>1</Visible>
</Organ>
<Organ>
<Name>Vastus medialis</Name>
<Number>38</Number>
<Path>D:\Mirac3DBuilder\VHBFolder\1161-1450\Vastus medialis\Vastus medialis.mcod</Path>
<Matrix>-0.260146 -0.099257 0.960452 0.000000 0.760935 -0.633398 0.140647 0.000000 0.594389 0.767433 0.240304 0.000000 259.143677 286.870880 -310.907013 1.000000 </Matrix>
<Visible>1</Visible>
</Organ>
<Organ>
<Name>fibular collateral ligament</Name>
<Number>39</Number>
<Path>D:\Mirac3DBuilder\VHBFolder\1161-1450\fibular collateral ligament\fibular collateral ligament.mcod</Path>
<Matrix>-0.260146 -0.099257 0.960452 0.000000 0.760935 -0.633398 0.140647 0.000000 0.594389 0.767433 0.240304 0.000000 259.143677 286.870880 -310.907013 1.000000 </Matrix>
<Visible>0</Visible>
</Organ>
<Organ>
<Name>3D Plane</Name>
<Number>40</Number>
<Path>3D Plane</Path>
<Matrix>-0.260146 -0.099257 0.960452 0.000000 0.760935 -0.633398 0.140647 0.000000 0.594389 0.767433 0.240304 0.000000 259.143677 286.870880 -310.907013 1.000000 </Matrix>
<Visible>0</Visible>
</Organ>
</Organs>
</Scene>
